    0.90617E+01    0.14278E-01    0.23406E-02    0.00000E+00    0.19795E-02    0.00000E+00    0.13987E-02   -0.42858E-02    0.70162E-01
    0.14278E-01    0.42399E-02    0.61392E-03    0.00000E+00    0.89094E-04    0.00000E+00    0.12623E-02    0.20277E-02   -0.50437E-02
    0.23406E-02    0.61392E-03    0.71305E-02    0.00000E+00   -0.92631E-04    0.00000E+00   -0.11440E-03   -0.13664E-03   -0.86353E-02
    0.00000E+00    0.00000E+00    0.00000E+00    0.00000E+00    0.00000E+00    0.00000E+00    0.00000E+00    0.00000E+00    0.00000E+00
    0.19795E-02    0.89094E-04   -0.92631E-04    0.00000E+00    0.93253E-03    0.00000E+00   -0.58722E-04   -0.60726E-04   -0.77065E-03
    0.00000E+00    0.00000E+00    0.00000E+00    0.00000E+00    0.00000E+00    0.00000E+00    0.00000E+00    0.00000E+00    0.00000E+00
    0.13987E-02    0.12623E-02   -0.11440E-03    0.00000E+00   -0.58722E-04    0.00000E+00    0.38972E-02   -0.26414E-03   -0.91606E-03
   -0.42858E-02    0.20277E-02   -0.13664E-03    0.00000E+00   -0.60726E-04    0.00000E+00   -0.26414E-03    0.50700E-02   -0.15577E-02
    0.70162E-01   -0.50437E-02   -0.86353E-02    0.00000E+00   -0.77065E-03    0.00000E+00   -0.91606E-03   -0.15577E-02    0.18168E-01
