    0.28800E+02    0.10687E+00    0.48061E-01    0.00000E+00    0.00000E+00    0.00000E+00    0.29946E-02    0.97537E-02    0.13140E+00
    0.10687E+00    0.45524E-02   -0.20908E-03    0.00000E+00    0.00000E+00    0.00000E+00    0.35285E-02    0.17319E-02   -0.20266E-02
    0.48061E-01   -0.20908E-03    0.55667E-02    0.00000E+00    0.00000E+00    0.00000E+00   -0.14311E-02   -0.11661E-03   -0.57514E-02
    0.00000E+00    0.00000E+00    0.00000E+00    0.00000E+00    0.00000E+00    0.00000E+00    0.00000E+00    0.00000E+00    0.00000E+00
    0.00000E+00    0.00000E+00    0.00000E+00    0.00000E+00    0.00000E+00    0.00000E+00    0.00000E+00    0.00000E+00    0.00000E+00
    0.00000E+00    0.00000E+00    0.00000E+00    0.00000E+00    0.00000E+00    0.00000E+00    0.00000E+00    0.00000E+00    0.00000E+00
    0.29946E-02    0.35285E-02   -0.14311E-02    0.00000E+00    0.00000E+00    0.00000E+00    0.10387E-01   -0.46535E-03   -0.36882E-03
    0.97537E-02    0.17319E-02   -0.11661E-03    0.00000E+00    0.00000E+00    0.00000E+00   -0.46535E-03    0.49332E-02   -0.98050E-03
    0.13140E+00   -0.20266E-02   -0.57514E-02    0.00000E+00    0.00000E+00    0.00000E+00   -0.36882E-03   -0.98050E-03    0.10420E-01
