    0.35206E+03    0.99390E+00    0.11418E+01    0.00000E+00    0.50771E+00    0.26892E+00   -0.82584E-01    0.20624E-01   -0.79249E+00
    0.99390E+00    0.95794E-02    0.24400E-03    0.00000E+00    0.45588E-02    0.16083E-02    0.18845E-02    0.25939E-02   -0.11502E-01
    0.11418E+01    0.24400E-03    0.52534E-01    0.00000E+00   -0.90646E-02   -0.35448E-02   -0.73648E-03   -0.62351E-03   -0.38578E-01
    0.00000E+00    0.00000E+00    0.00000E+00    0.00000E+00    0.00000E+00    0.00000E+00    0.00000E+00    0.00000E+00    0.00000E+00
    0.50771E+00    0.45588E-02   -0.90646E-02    0.00000E+00    0.26954E-01   -0.21457E-03   -0.51672E-03   -0.44787E-04   -0.13040E-01
    0.26892E+00    0.16083E-02   -0.35448E-02    0.00000E+00   -0.21457E-03    0.95551E-02   -0.20991E-03   -0.18102E-03   -0.43583E-02
   -0.82584E-01    0.18845E-02   -0.73648E-03    0.00000E+00   -0.51672E-03   -0.20991E-03    0.47171E-02    0.39113E-04   -0.16463E-02
    0.20624E-01    0.25939E-02   -0.62351E-03    0.00000E+00   -0.44787E-04   -0.18102E-03    0.39113E-04    0.51830E-02   -0.22227E-02
   -0.79249E+00   -0.11502E-01   -0.38578E-01    0.00000E+00   -0.13040E-01   -0.43583E-02   -0.16463E-02   -0.22227E-02    0.71279E-01
