    0.10000E+01    0.54121E+00    0.26549E+00    0.00000E+00    0.16481E+00    0.14662E+00   -0.64084E-01    0.15268E-01   -0.15820E+00    0.75043E-01    0.13700E-02    0.13700E-02    0.13700E-02   -0.13700E-02   -0.13700E-02    0.00000E+00    0.00000E+00    0.00000E+00    0.00000E+00   -0.45508E+00    0.00000E+00
    0.54121E+00    0.10000E+01    0.10877E-01    0.00000E+00    0.28371E+00    0.16811E+00    0.28034E+00    0.36812E+00   -0.44017E+00   -0.98771E-02   -0.16099E-03   -0.16099E-03   -0.16099E-03    0.16099E-03    0.16099E-03    0.00000E+00    0.00000E+00    0.00000E+00    0.00000E+00    0.50789E-01    0.00000E+00
    0.26549E+00    0.10877E-01    0.10000E+01    0.00000E+00   -0.24089E+00   -0.15822E+00   -0.46785E-01   -0.37786E-01   -0.63043E+00   -0.91306E-01   -0.35712E-05   -0.35712E-05   -0.35712E-05    0.35712E-05    0.35712E-05    0.00000E+00    0.00000E+00    0.00000E+00    0.00000E+00    0.32741E-01    0.00000E+00
    0.00000E+00    0.00000E+00    0.00000E+00    0.00000E+00    0.00000E+00    0.00000E+00    0.00000E+00    0.00000E+00    0.00000E+00    0.00000E+00    0.00000E+00    0.00000E+00    0.00000E+00    0.00000E+00    0.00000E+00    0.00000E+00    0.00000E+00    0.00000E+00    0.00000E+00    0.00000E+00    0.00000E+00
    0.16481E+00    0.28371E+00   -0.24089E+00    0.00000E+00    0.10000E+01   -0.13370E-01   -0.45825E-01   -0.37893E-02   -0.29750E+00   -0.37494E-01    0.44171E-03    0.44171E-03    0.44171E-03   -0.44171E-03   -0.44171E-03    0.00000E+00    0.00000E+00    0.00000E+00    0.00000E+00   -0.17424E+00    0.00000E+00
    0.14662E+00    0.16811E+00   -0.15822E+00    0.00000E+00   -0.13370E-01    0.10000E+01   -0.31266E-01   -0.25723E-01   -0.16700E+00   -0.27686E-01    0.44717E-03    0.44717E-03    0.44717E-03   -0.44717E-03   -0.44717E-03    0.00000E+00    0.00000E+00    0.00000E+00    0.00000E+00   -0.71120E-01    0.00000E+00
   -0.64084E-01    0.28034E+00   -0.46785E-01    0.00000E+00   -0.45825E-01   -0.31266E-01    0.10000E+01    0.79103E-02   -0.89784E-01   -0.19305E-01   -0.94168E-02   -0.94168E-02   -0.94168E-02    0.94168E-02    0.94168E-02    0.00000E+00    0.00000E+00    0.00000E+00    0.00000E+00   -0.17422E+00    0.00000E+00
    0.15268E-01    0.36812E+00   -0.37786E-01    0.00000E+00   -0.37893E-02   -0.25723E-01    0.79103E-02    0.10000E+01   -0.11564E+00   -0.36329E-01   -0.77927E-02   -0.77927E-02   -0.77927E-02    0.77927E-02    0.77927E-02    0.00000E+00    0.00000E+00    0.00000E+00    0.00000E+00   -0.21272E+00    0.00000E+00
   -0.15820E+00   -0.44017E+00   -0.63043E+00    0.00000E+00   -0.29750E+00   -0.16700E+00   -0.89784E-01   -0.11564E+00    0.10000E+01   -0.74295E-01   -0.10396E-05   -0.10396E-05   -0.10396E-05    0.10396E-05    0.10396E-05    0.00000E+00    0.00000E+00    0.00000E+00    0.00000E+00   -0.29736E+00    0.00000E+00
    0.75043E-01   -0.98771E-02   -0.91306E-01    0.00000E+00   -0.37494E-01   -0.27686E-01   -0.19305E-01   -0.36329E-01   -0.74295E-01    0.10000E+01   -0.12832E-01   -0.12832E-01   -0.12832E-01    0.12832E-01    0.12832E-01    0.00000E+00    0.00000E+00    0.00000E+00    0.00000E+00    0.51305E-01    0.00000E+00
    0.13700E-02   -0.16099E-03   -0.35712E-05    0.00000E+00    0.44171E-03    0.44717E-03   -0.94168E-02   -0.77927E-02   -0.10396E-05   -0.12832E-01    0.10000E+01    0.10000E+01    0.10000E+01   -0.10000E+01   -0.10000E+01    0.00000E+00    0.00000E+00    0.00000E+00    0.00000E+00   -0.24408E-02    0.00000E+00
    0.13700E-02   -0.16099E-03   -0.35712E-05    0.00000E+00    0.44171E-03    0.44717E-03   -0.94168E-02   -0.77927E-02   -0.10396E-05   -0.12832E-01    0.10000E+01    0.10000E+01    0.10000E+01   -0.10000E+01   -0.10000E+01    0.00000E+00    0.00000E+00    0.00000E+00    0.00000E+00   -0.24408E-02    0.00000E+00
    0.13700E-02   -0.16099E-03   -0.35712E-05    0.00000E+00    0.44171E-03    0.44717E-03   -0.94168E-02   -0.77927E-02   -0.10396E-05   -0.12832E-01    0.10000E+01    0.10000E+01    0.10000E+01   -0.10000E+01   -0.10000E+01    0.00000E+00    0.00000E+00    0.00000E+00    0.00000E+00   -0.24408E-02    0.00000E+00
   -0.13700E-02    0.16099E-03    0.35712E-05    0.00000E+00   -0.44171E-03   -0.44717E-03    0.94168E-02    0.77927E-02    0.10396E-05    0.12832E-01   -0.10000E+01   -0.10000E+01   -0.10000E+01    0.10000E+01    0.10000E+01    0.00000E+00    0.00000E+00    0.00000E+00    0.00000E+00    0.24408E-02    0.00000E+00
   -0.13700E-02    0.16099E-03    0.35712E-05    0.00000E+00   -0.44171E-03   -0.44717E-03    0.94168E-02    0.77927E-02    0.10396E-05    0.12832E-01   -0.10000E+01   -0.10000E+01   -0.10000E+01    0.10000E+01    0.10000E+01    0.00000E+00    0.00000E+00    0.00000E+00    0.00000E+00    0.24408E-02    0.00000E+00
    0.00000E+00    0.00000E+00    0.00000E+00    0.00000E+00    0.00000E+00    0.00000E+00    0.00000E+00    0.00000E+00    0.00000E+00    0.00000E+00    0.00000E+00    0.00000E+00    0.00000E+00    0.00000E+00    0.00000E+00    0.00000E+00    0.00000E+00    0.00000E+00    0.00000E+00    0.00000E+00    0.00000E+00
    0.00000E+00    0.00000E+00    0.00000E+00    0.00000E+00    0.00000E+00    0.00000E+00    0.00000E+00    0.00000E+00    0.00000E+00    0.00000E+00    0.00000E+00    0.00000E+00    0.00000E+00    0.00000E+00    0.00000E+00    0.00000E+00    0.00000E+00    0.00000E+00    0.00000E+00    0.00000E+00    0.00000E+00
    0.00000E+00    0.00000E+00    0.00000E+00    0.00000E+00    0.00000E+00    0.00000E+00    0.00000E+00    0.00000E+00    0.00000E+00    0.00000E+00    0.00000E+00    0.00000E+00    0.00000E+00    0.00000E+00    0.00000E+00    0.00000E+00    0.00000E+00    0.00000E+00    0.00000E+00    0.00000E+00    0.00000E+00
    0.00000E+00    0.00000E+00    0.00000E+00    0.00000E+00    0.00000E+00    0.00000E+00    0.00000E+00    0.00000E+00    0.00000E+00    0.00000E+00    0.00000E+00    0.00000E+00    0.00000E+00    0.00000E+00    0.00000E+00    0.00000E+00    0.00000E+00    0.00000E+00    0.00000E+00    0.00000E+00    0.00000E+00
   -0.45508E+00    0.50789E-01    0.32741E-01    0.00000E+00   -0.17424E+00   -0.71120E-01   -0.17422E+00   -0.21272E+00   -0.29736E+00    0.51305E-01   -0.24408E-02   -0.24408E-02   -0.24408E-02    0.24408E-02    0.24408E-02    0.00000E+00    0.00000E+00    0.00000E+00    0.00000E+00    0.10000E+01    0.00000E+00
    0.00000E+00    0.00000E+00    0.00000E+00    0.00000E+00    0.00000E+00    0.00000E+00    0.00000E+00    0.00000E+00    0.00000E+00    0.00000E+00    0.00000E+00    0.00000E+00    0.00000E+00    0.00000E+00    0.00000E+00    0.00000E+00    0.00000E+00    0.00000E+00    0.00000E+00    0.00000E+00    0.00000E+00
