#File to be read in by Follow-up run
 
#Number of PS modes
Number_PS = 46
 
#PS params
l = -6.4   -2.8   -7.3   -4.9   2.7   -1.0   -5.9   2.2   -4.6   -2.5   -2.4   -3.7   -1.6   -0.8   1.5   -3.7   -0.9   0.5   -2.2   6.4   2.4   -4.2   4.7   -1.6   -1.4   0.0   -3.0   0.2   -0.8   -5.1   0.6   3.8   0.1   -1.9   0.4   3.7   5.7   -7.3    0.6   6.0   6.4   5.4   -1.9   7.4   6.8   3.6
b = 7.4    5.5    2.4   3.9   6.5   3.9   0.0   5.4   0.6   1.9   3.5   1.0   2.1   2.6   3.8   -0.2   1.1   1.9   0.0   4.9   2.4   -1.8   3.5   -0.6   -0.8   0.0   -2.2   -0.1   -0.8   -3.6   -7.0   1.6   -0.7   -2.2   -1.8   0.0   -0.1   -7.4   -3.1   -0.4   -0.2   -1.1   -6.7   -2.0   -2.7   -5.1
log_N0 = -11.1   -11.2   -10.9   -10.1   -11.2   -10.6   -11.1   -10.8   -11.2   -11.2   -11.1   -10.9   -10.6   -11.0   -11.8   -10.9   -11.0   -10.7   -11.1   -10.8   -11.2   -10.0   -10.3   -10.2   -10.9   -11.1   -11.2   -10.5   -11.2   -10.8   -10.9   -11.2   -11.1   -10.9   -10.6   -11.0   -10.9   -10.9   -11.1   -10.9   -11.2   -10.8   -11.2   -10.4   -10.3   -10.2
E0 = 4016.0   4016.0   4016.0   4016.0   4016.0   4016.0   4016.0   4016.0   4016.0   4016.0   4016.0   4016.0   4016.0   4016.0   4016.0   4016.0   4016.0   4016.0   4016.0   4016.0   4016.0   4016.0   4016.0   4016.0   4016.0   4016.0   4016.0   4016.0   4016.0   4016.0   4016.0   4016.0   4016.0   4016.0   4016.0   4016.0   4016.0   4016.0   4016.0   4016.0   4016.0   4016.0   4016.0   4016.0   4016.0   4016.0
alpha_PS = 2.20   2.20   2.20   2.20   2.20   2.20   2.20   2.20   2.20   2.20   2.20   2.20   2.20   2.20   2.20   2.20   2.20   2.20   2.20   2.20   2.20   2.20   2.20   2.20   2.20   2.20   2.20   2.20   2.20   2.20   2.20   2.20   2.20   2.20   2.20   2.20   2.20   2.20   2.20   2.20   2.20   2.20   2.20   2.20   2.20   2.20
beta_PS = 0.00   0.00   0.00   0.00   0.00   0.00   0.00   0.00   0.00   0.00   0.00   0.00   0.00   0.00   0.00   0.00   0.00   0.00   0.00   0.00   0.00   0.00   0.00   0.00   0.00   0.00   0.00   0.00   0.00   0.00   0.00   0.00   0.00   0.00   0.00   0.00   0.00   0.00   0.00   0.00   0.00   0.00   0.00   0.00   0.00   0.00 
Inv_Ec = 0.00000   0.00000   0.00000   0.00000   0.00000   0.00000   0.00000   0.00000   0.00000   0.00000   0.00000   0.00000   0.00000   0.00000   0.00000   0.00000   0.00000   0.00000   0.00000   0.00000   0.00000   0.00000   0.00000   0.00000   0.00000   0.00000   0.00000   0.00000   0.00000   0.00000   0.00000   0.00000   0.00000   0.00000   0.00000   0.00000   0.00000   0.00000   0.00000   0.00000   0.00000   0.00000   0.00000   0.00000   0.00000   0.00000


#B.F. likelihood value - only important for resume = T, empty otherwise
#Watch out with the signs. Any actual lnlike value you put in here should be positive.
#BF_Like < 0. means there is no such value
BF_Like = -1.0
