    0.85977E+02    0.43366E+00    0.12843E-01    0.00000E+00    0.00000E+00    0.00000E+00   -0.20251E+00   -0.42244E-01    0.49075E+00
    0.43366E+00    0.73279E-02    0.15740E-03    0.00000E+00    0.00000E+00    0.00000E+00    0.55386E-04    0.40790E-02   -0.99550E-03
    0.12843E-01    0.15740E-03    0.25628E-02    0.00000E+00    0.00000E+00    0.00000E+00    0.16550E-04   -0.19601E-03   -0.28440E-02
    0.00000E+00    0.00000E+00    0.00000E+00    0.00000E+00    0.00000E+00    0.00000E+00    0.00000E+00    0.00000E+00    0.00000E+00
    0.00000E+00    0.00000E+00    0.00000E+00    0.00000E+00    0.00000E+00    0.00000E+00    0.00000E+00    0.00000E+00    0.00000E+00
    0.00000E+00    0.00000E+00    0.00000E+00    0.00000E+00    0.00000E+00    0.00000E+00    0.00000E+00    0.00000E+00    0.00000E+00
   -0.20251E+00    0.55386E-04    0.16550E-04    0.00000E+00    0.00000E+00    0.00000E+00    0.47938E-02   -0.46749E-03   -0.19763E-02
   -0.42244E-01    0.40790E-02   -0.19601E-03    0.00000E+00    0.00000E+00    0.00000E+00   -0.46749E-03    0.91774E-02   -0.21037E-02
    0.49075E+00   -0.99550E-03   -0.28440E-02    0.00000E+00    0.00000E+00    0.00000E+00   -0.19763E-02   -0.21037E-02    0.97186E-02
