    0.28176E+02    0.10729E+00    0.22999E-01    0.00000E+00    0.00000E+00    0.00000E+00   -0.97626E-02    0.27932E-02    0.15871E+00
    0.10729E+00    0.44624E-02    0.43092E-03    0.00000E+00    0.00000E+00    0.00000E+00    0.13404E-02    0.26512E-02   -0.27984E-02
    0.22999E-01    0.43092E-03    0.54155E-02    0.00000E+00    0.00000E+00    0.00000E+00   -0.18509E-03   -0.36987E-03   -0.62052E-02
    0.00000E+00    0.00000E+00    0.00000E+00    0.00000E+00    0.00000E+00    0.00000E+00    0.00000E+00    0.00000E+00    0.00000E+00
    0.00000E+00    0.00000E+00    0.00000E+00    0.00000E+00    0.00000E+00    0.00000E+00    0.00000E+00    0.00000E+00    0.00000E+00
    0.00000E+00    0.00000E+00    0.00000E+00    0.00000E+00    0.00000E+00    0.00000E+00    0.00000E+00    0.00000E+00    0.00000E+00
   -0.97626E-02    0.13404E-02   -0.18509E-03    0.00000E+00    0.00000E+00    0.00000E+00    0.40662E-02   -0.25980E-03   -0.65733E-03
    0.27932E-02    0.26512E-02   -0.36987E-03    0.00000E+00    0.00000E+00    0.00000E+00   -0.25980E-03    0.61203E-02   -0.10861E-02
    0.15871E+00   -0.27984E-02   -0.62052E-02    0.00000E+00    0.00000E+00    0.00000E+00   -0.65733E-03   -0.10861E-02    0.11875E-01
